state,year,state_total_amount,state_percentage,pop_adj_units,total_amount,tn_pop_adj_units,ratio_to_tn
ANDAMAN AND NICOBAR ISLANDS,2005,2680,0.1799565955435226,5.998553184784088,1489248.0,5.866683258077118,0.978016377842332
ANDHRA PRADESH,1995,6000,10.093533409595585,2.461837416974533,29722.0,3.755155718156031,1.5253467561521252
ANDHRA PRADESH,1996,8000,8.961376467425398,2.185701577420829,44636.0,4.723141581929535,2.1609270134228185
ANDHRA PRADESH,1997,37720,10.788239331884224,2.6312778858254204,87410.0,5.829581951598922,2.215494601692442
ANDHRA PRADESH,1998,9200,4.248441468483029,1.0362052362153729,108275.0,5.5151018333568365,5.3224029763641685
ANDHRA PRADESH,1999,175896,7.067212770932724,1.7237104319348109,414817.0,4.070000431822988,2.3611857052199543
ANDHRA PRADESH,2000,315406,8.524590163934427,2.0791683326669337,528565.0,4.530945728262485,2.17921062815086
ANDHRA PRADESH,2001,423878,7.890306574517101,1.9244650181749028,767448.0,3.511551122559496,1.824689505600747
ANDHRA PRADESH,2002,757900,9.199847539140928,2.2438652534490067,823818.0,3.083612606752703,1.3742414354039019
ANDHRA PRADESH,2003,1004208,13.320768772822346,3.248967993371304,942333.0,3.94469339936166,1.2141373529717152
ANDHRA PRADESH,2004,900375,12.21047295469238,2.978164135290825,1053399.0,4.236254679331402,1.422438283079291
ANDHRA PRADESH,2005,696440,4.676454156728766,1.140598574811894,1489248.0,5.866683258077118,5.143512702569038
ANDHRA PRADESH,2006,905520,9.199851098796598,2.243866121657707,1230346.0,3.639192912362067,1.6218404820308667
ANDHRA PRADESH,2007,1844448,6.614856658882828,1.613379672898251,2323618.0,3.752486698581218,2.3258547021609037
ANDHRA PRADESH,2008,2819960,8.289374041674508,2.02179854674988,3092634.0,3.4415234661526317,1.7022088930101442
ANDHRA PRADESH,2009,2190492,7.559319043838759,1.8437363521557948,2414781.0,3.316480387042699,1.7987823384644412
ANDHRA PRADESH,2010,3444557,6.679954860581109,1.6292572830685632,3033269.0,3.667682330216661,2.2511376001394345
ANDHRA PRADESH,2011,1139996,4.498283563399642,1.0971423325364982,2303901.0,3.5039927275491825,3.1937448985750594
ANDHRA PRADESH,2012,1737744,7.629048249731583,1.8607434755442889,1898166.0,3.238926487055499,1.7406625521597359
ANDHRA PRADESH,2013,1976346,8.577736493797378,2.092130852145702,2560046.0,3.402931460538406,1.6265385394266036
ANDHRA PRADESH,2014,1234384,5.416002089206887,1.320976119318753,2848928.0,3.2665648460372725,2.4728417102058504
ANDHRA PRADESH,2015,2848802,8.761975391009182,2.137067168538825,2955749.0,3.3918315406902813,1.5871431607876765
ANDHRA PRADESH,2016,3460512,8.400710740632542,2.048953839178669,3744826.0,3.413461344251057,1.665953267946415
ANDHRA PRADESH,2017,1955216,5.6773164260331175,1.3847113234227115,4304886.0,3.294403197051509,2.379126350255045
ANDHRA PRADESH,2018,1996110,6.121979172187186,1.493165651752972,3622848.0,3.020362829531245,2.0227915275075796
ANDHRA PRADESH,2019,1055439,4.6060043598754605,1.1234156975306002,3273488.0,2.966142192206973,2.640289074406653
ANDHRA PRADESH,2020,1230576,4.746488008654776,1.157680002110921,3240754.0,2.9437024335205977,2.5427600270826414
ANDHRA PRADESH,2021,1201466,5.267459249909236,1.284746158514448,3258459.0,3.067395729538567,2.387550030182925
ANDHRA PRADESH,2022,1012050,5.622355692870549,1.3713062665537927,3000077.0,3.784645590069676,2.7598835376001065
ANDHRA PRADESH,2023,985410,5.4040172049351,1.3180529768134392,3039128.0,3.8763492279726512,2.9409661797845326
ANDHRA PRADESH,2024,141072,8.023487150203783,1.9569480854155568,879119.0,1.9033316690425837,0.9726020241555934
ASSAM,2000,9640,0.9119029826038424,0.3534507684511017,528565.0,4.530945728262485,12.819170681444765
ASSAM,2001,32610,1.4163826083330726,0.548985507105842,767448.0,3.511551122559496,6.3964368405129575
ASSAM,2002,4800,0.5826529646111156,0.2258344824074091,823818.0,3.083612606752703,13.654303691275167
ASSAM,2003,64608,2.2853916821335982,0.8858107295091466,942333.0,3.94469339936166,4.453201195189326
ASSAM,2004,84412,2.0033244762905604,0.77648235515138,1053399.0,4.236254679331402,5.455699863914511
ASSAM,2005,129819,2.9056946861771844,1.126238250456273,1489248.0,5.866683258077118,5.209096082201389
ASSAM,2006,184208,3.7430121282956175,1.4507798946882238,1230346.0,3.639192912362067,2.5084390304044977
ASSAM,2007,322885,2.7791573313685816,1.0771927640963497,2323618.0,3.752486698581218,3.4835795631519635
ASSAM,2008,1671065,4.912155786944074,1.9039363515287109,3092634.0,3.4415234661526317,1.8075832542350272
ASSAM,2009,91731,1.2662431914115608,0.4907919346556437,2414781.0,3.316480387042699,6.757406046962965
ASSAM,2010,410544,3.383676159285576,1.3115023873199907,3033269.0,3.667682330216661,2.7965502508245077
ASSAM,2011,198120,2.1498319589253185,0.8332682011338443,2303901.0,3.5039927275491825,4.20511993951195
ASSAM,2012,145779,2.5599973869514048,0.9922470492059708,1898166.0,3.238926487055499,3.2642339321113583
ASSAM,2013,129942,1.6919227232635663,0.6557840012649482,2560046.0,3.402931460538406,5.1891041165604195
ASSAM,2014,340648,2.9892647339630907,1.158629741846159,2848928.0,3.2665648460372725,2.819334536357001
ASSAM,2015,595030,4.026255274043906,1.56056405970694,2955749.0,3.3918315406902813,2.1734651132022336
ASSAM,2016,657595,3.512018982991466,1.3612476678261496,3744826.0,3.413461344251057,2.507597570177805
ASSAM,2017,236214,1.8290379814935864,0.7089294501913126,4304886.0,3.294403197051509,4.647011343882634
ASSAM,2018,1079526,4.256816736446023,1.6499289676147373,3622848.0,3.020362829531245,1.8306017342659975
ASSAM,2019,714664,2.7289851070173468,1.0577461655105995,3273488.0,2.966142192206973,2.804209827388166
ASSAM,2020,706422,3.633012564360022,1.408144404790706,3240754.0,2.9437024335205977,2.090483350646217
ASSAM,2021,385336,2.95642817663196,1.1459023940433952,3258459.0,3.067395729538567,2.676838573235763
ASSAM,2022,429000,3.574908244021737,1.385623350396022,3000077.0,3.784645590069676,2.7313667808701365
ASSAM,2023,513616,4.225027705315473,1.6376076377191753,3039128.0,3.8763492279726512,2.3670805745456507
BIHAR,1998,2500,2.308935580697298,0.26848088147643,108275.0,5.5151018333568365,20.54187919463088
BIHAR,1999,13100,1.5790095391461778,0.1836057603658346,414817.0,4.070000431822988,22.16706286182694
BIHAR,2000,8000,0.7567659606670892,0.0879960419380336,528565.0,4.530945728262485,51.49033557046981
BIHAR,2001,7100,0.4625720569993015,0.0537874484882908,767448.0,3.511551122559496,65.28569808110417
BIHAR,2002,1533,0.186084790572675,0.0216377663456598,823818.0,3.083612606752703,142.5106712722789
BIHAR,2003,4000,0.2122391978207279,0.0246789764907823,942333.0,3.94469339936166,159.84023489932898
BIHAR,2004,6606,0.3135564017053367,0.0364600467099228,1053399.0,4.236254679331402,116.18895370692114
BIHAR,2005,14958,0.3347998452910462,0.0389302145687263,1489248.0,5.866683258077118,150.6974293121411
BIHAR,2006,1360,0.1105380112586215,0.0128532571230955,1230346.0,3.639192912362067,283.13390742202984
BIHAR,2007,22275,0.319544778875013,0.0371563696366294,2323618.0,3.752486698581218,100.99174745215021
BIHAR,2008,151712,1.2263979507436056,0.1426044128771634,3092634.0,3.4415234661526317,24.133358826119157
BIHAR,2009,88407,1.2203591133108966,0.1419022224780112,2414781.0,3.316480387042699,23.371588754056422
BIHAR,2010,58784,0.9689875840223864,0.112672974886324,3033269.0,3.667682330216661,32.5515708972537
BIHAR,2011,1200,0.0520855713852287,0.00605646178898,2303901.0,3.5039927275491825,578.5544183445278
BIHAR,2012,110760,1.4587765242871278,0.1696251772426892,1898166.0,3.238926487055499,19.094609300961515
BIHAR,2013,109744,1.071699492899737,0.1246162201046205,2560046.0,3.402931460538406,27.307291600415283
BIHAR,2014,410920,3.605917734670725,0.4192927598454332,2848928.0,3.2665648460372725,7.790654070061809
BIHAR,2015,336300,3.792608912326452,0.4410010363170293,2955749.0,3.3918315406902813,7.691209909656408
BIHAR,2016,51380,0.686013181920869,0.0797689746419615,3744826.0,3.413461344251057,42.79184181033019
BIHAR,2017,146586,1.1350358638997642,0.1319809144069493,4304886.0,3.294403197051509,24.961209064619464
BIHAR,2018,50594,0.698262803186885,0.0811933492077773,3622848.0,3.020362829531245,37.19963345522311
BIHAR,2019,144138,1.4677310562922483,0.1706664018944475,3273488.0,2.966142192206973,17.37976637042744
BIHAR,2020,101140,1.5604393298596562,0.1814464337046111,3240754.0,2.9437024335205977,16.22353425977415
BIHAR,2021,159240,2.443486322829288,0.2841263166080567,3258459.0,3.067395729538567,10.79588742837202
BIHAR,2022,134514,2.241842459376876,0.2606793557414972,3000077.0,3.784645590069676,14.51839398369053
BIHAR,2023,174180,2.865624613375942,0.3332121643460398,3039128.0,3.8763492279726512,11.633276460900973
BIHAR,2024,20338,2.313452445004601,0.2690060982563489,879119.0,1.9033316690425837,7.0754220122876434
BIMARU,1994,1300,6.11189468735308,0.1661789251299132,21270.0,5.427185783297521,32.65868869385649
BIMARU,1996,5100,3.808584998655794,0.1035532504596588,44636.0,4.723141581929535,45.610751579155185
BIMARU,1997,8124,4.647065553140373,0.1263510577541633,87410.0,5.829581951598922,46.13797506105037
BIMARU,1998,99968,24.81366889863773,0.6746694825481314,108275.0,5.5151018333568365,8.174523935078662
BIMARU,1999,558219,19.68603022537649,0.5352519161852277,414817.0,4.070000431822988,7.603896985236641
BIMARU,2000,334605,12.945995289131895,0.3519942165130073,528565.0,4.530945728262485,12.872216404996111
BIMARU,2001,1347059,22.682188239463784,0.6167157410333011,767448.0,3.511551122559496,5.693954100597347
BIMARU,2002,1191720,16.983605602208254,0.4617745344410738,823818.0,3.083612606752703,6.677745039546345
BIMARU,2003,1349562,12.061447492553055,0.3279438672218672,942333.0,3.94469339936166,12.028562792707804
BIMARU,2004,1284857,12.2889807186071,0.3341303656599445,1053399.0,4.236254679331402,12.678448637747517
BIMARU,2005,1258915,10.329777176131849,0.2808607405348662,1489248.0,5.866683258077118,20.888228261823674
BIMARU,2006,3428558,18.99985857636795,0.51659530102417,1230346.0,3.639192912362067,7.044572231197667
BIMARU,2007,3559047,13.46081843056819,0.365991963635993,2323618.0,3.752486698581218,10.252921024007382
BIMARU,2008,4645951,13.650047176613851,0.3711369851440727,3092634.0,3.4415234661526317,9.272919714042128
BIMARU,2009,3151939,13.69772248497897,0.3724332495440052,2414781.0,3.316480387042699,8.904898773413187
BIMARU,2010,3968459,13.867316087033494,0.3770444027035399,3033269.0,3.667682330216661,9.727454654990497
BIMARU,2011,3758188,13.22114101256955,0.3594752715563106,2303901.0,3.5039927275491825,9.747520913967218
BIMARU,2012,2331902,16.107864117258448,0.4379636237325225,1898166.0,3.238926487055499,7.395423527305565
BIMARU,2013,3067396,14.83262410128568,0.4032905761789521,2560046.0,3.402931460538406,8.437914648986053
BIMARU,2014,3731668,17.510586438126904,0.476102842331953,2848928.0,3.2665648460372725,6.861048823060222
BIMARU,2015,1896603,10.906271134659946,0.2965352819451302,2955749.0,3.3918315406902813,11.438205661199849
BIMARU,2016,3510677,12.24721789477001,0.3329948583368229,3744826.0,3.413461344251057,10.250792944071092
BIMARU,2017,6260513,14.576878458570098,0.3963369982481877,4304886.0,3.294403197051509,8.312126325861058
BIMARU,2018,3947769,12.254888971328636,0.3332034305263502,3622848.0,3.020362829531245,9.064621047748759
BIMARU,2019,4624850,14.902819255790764,0.4051991423309705,3273488.0,2.966142192206973,7.320208466246457
BIMARU,2020,3357760,14.708212965254384,0.3999079084601099,3240754.0,2.9437024335205977,7.360950787034078
BIMARU,2021,3481183,15.119631703206943,0.4110941489221279,3258459.0,3.067395729538567,7.4615407141676755
BIMARU,2022,3696400,16.98209745949854,0.461733528902323,3000077.0,3.784645590069676,8.196601184815183
BIMARU,2023,3692176,17.84794849048806,0.4852755238176149,3039128.0,3.8763492279726512,7.987934766373116
BIMARU,2024,227774,14.11140016311785,0.3836809092992699,879119.0,1.9033316690425837,4.9607150705483525
CHHATTISGARH,2006,10020,0.8144050535377854,0.3859739590226471,1230346.0,3.639192912362067,9.428597000629612
CHHATTISGARH,2007,11125,0.4787792141393293,0.2269095801608195,2323618.0,3.752486698581218,16.537365658698445
CHHATTISGARH,2010,2850,0.0939580366924265,0.0445298752096808,3033269.0,3.667682330216661,82.36453196750271
CHHATTISGARH,2019,19655,0.6004298778550586,0.2845639231540562,3273488.0,2.966142192206973,10.423465347717931
CHHATTISGARH,2020,31286,0.9653926215936168,0.4575320481486336,3240754.0,2.9437024335205977,6.4338715625103235
CHHATTISGARH,2021,79090,1.2136104827465988,0.5751708449036014,3258459.0,3.067395729538567,5.333016714455794
CHHATTISGARH,2022,102636,1.7105560957268764,0.8106900927615528,3000077.0,3.784645590069676,4.668424622259259
CHHATTISGARH,2023,26248,0.8636687892053246,0.4093217010451775,3039128.0,3.8763492279726512,9.470177657511524
CHHATTISGARH,2024,31084,1.7679062788996711,0.8378702743600337,879119.0,1.9033316690425837,2.271630498523594
DELHI,1998,15000,6.926806742091896,4.98331420294381,108275.0,5.5151018333568365,1.1067136465324385
DELHI,1999,88500,4.266941808074404,3.0697423079671973,414817.0,4.070000431822988,1.3258443294278237
DELHI,2000,43600,2.0621872428178176,1.4835879444732505,528565.0,4.530945728262485,3.0540459331321963
DELHI,2001,78665,2.050041175428172,1.474849766495088,767448.0,3.511551122559496,2.380955133419816
DELHI,2002,115404,2.3347389836104577,1.6796683335327036,823818.0,3.083612606752703,1.8358461281860348
DELHI,2003,12700,0.6738594530808111,0.4847909734394324,942333.0,3.94469339936166,8.136895312582574
DELHI,2004,6776,0.6432510378308695,0.4627705308135751,1053399.0,4.236254679331402,9.154115046789697
DELHI,2005,45051,1.0083612668944326,0.725439760355707,1489248.0,5.866683258077118,8.087071564978034
DELHI,2006,282093,3.275420085081757,2.356417327396948,1230346.0,3.639192912362067,1.5443753829387072
DELHI,2007,577575,2.761856725158782,1.9869472842868936,2323618.0,3.752486698581218,1.888568825281124
DELHI,2008,1770750,5.725701780424066,4.1192099139741485,3092634.0,3.4415234661526317,0.8354814486335086
DELHI,2009,1118190,4.630606253734811,3.3313714055646124,2414781.0,3.316480387042699,0.9955300635356839
DELHI,2010,1184648,4.88189474787762,3.5121544948759857,3033269.0,3.667682330216661,1.044282743133191
DELHI,2011,1162539,5.60662111783449,4.033540372542799,2303901.0,3.5039927275491825,0.8687139346370836
DELHI,2012,275646,2.4202835789915107,1.7412112079075617,1898166.0,3.238926487055499,1.8601571551723257
DELHI,2013,686070,3.8284468325959766,2.754278296831638,2560046.0,3.402931460538406,1.2355074882784869
DELHI,2014,705068,3.535505284794842,2.543528981866793,2848928.0,3.2665648460372725,1.2842648420069567
DELHI,2015,666810,3.759960673250672,2.705007678597606,2955749.0,3.3918315406902813,1.2539082855575312
DELHI,2016,1108814,4.229889452807687,3.0430859372717176,3744826.0,3.413461344251057,1.1217104658277905
DELHI,2017,2166075,5.590740381975271,4.022115382716023,4304886.0,3.294403197051509,0.8190722750541507
DELHI,2018,1506258,4.619625223028954,3.323471383474068,3622848.0,3.020362829531245,0.9087976037795819
DELHI,2019,969822,4.9377605783189065,3.5523457397977745,3273488.0,2.966142192206973,0.8349812798277421
DELHI,2020,601850,3.714259089088527,2.672128841070883,3240754.0,2.9437024335205977,1.1016319229356017
DELHI,2021,816120,4.174365858217028,3.0031409051921067,3258459.0,3.067395729538567,1.0213958739782643
DELHI,2022,339664,2.8304606848424223,2.036302650965772,3000077.0,3.784645590069676,1.858586977861422
DELHI,2023,272636,2.2427156737064053,1.6134645134578456,3039128.0,3.8763492279726512,2.402500455163514
DELHI,2024,75302,4.28281040450724,3.081158564393698,879119.0,1.9033316690425837,0.6177324630539149
GOA,2001,2200,0.2866643733516798,2.3888697779306654,767448.0,3.511551122559496,1.4699633923123856
GOA,2002,2000,0.2427720685879648,2.0231005715663737,823818.0,3.083612606752703,1.524201342281879
GOA,2003,4000,0.4244783956414558,3.537319963678798,942333.0,3.94469339936166,1.1151644295302015
GUJARAT,1996,3000,6.721032350569048,1.3469002706551196,44636.0,4.723141581929535,3.506675055928412
GUJARAT,1997,6000,3.43210159020707,0.6877959098611364,87410.0,5.829581951598922,8.47574384787472
GUJARAT,1998,325,0.3001616254906488,0.0601526303588474,108275.0,5.5151018333568365,91.68513164687671
GUJARAT,1999,37300,2.247979229395131,0.4504968395581424,414817.0,4.070000431822988,9.034470554366015
GUJARAT,2000,61050,3.850046824893816,0.7715524699186004,528565.0,4.530945728262485,5.872504988209687
GUJARAT,2001,6000,0.7818119273227632,0.1566757369384294,767448.0,3.511551122559496,22.412858501118585
GUJARAT,2002,60608,1.8392411916224212,0.3685854091427698,823818.0,3.083612606752703,8.366073453434725
GUJARAT,2003,135935,2.885073535576065,0.5781710492136403,942333.0,3.94469339936166,6.8227100003135135
GUJARAT,2004,40400,0.958800986141054,0.192144486200612,1053399.0,4.236254679331402,22.04723519835205
GUJARAT,2005,205524,3.4501305356797523,0.6914089249859223,1489248.0,5.866683258077118,8.485113579053913
GUJARAT,2006,177185,2.880246694832185,0.5772037464593558,1230346.0,3.639192912362067,6.304867102276031
GUJARAT,2007,212225,1.826677190484839,0.3660675732434547,2323618.0,3.752486698581218,10.250803329377694
GUJARAT,2008,688140,3.7084892683712334,0.7431842221184836,3092634.0,3.4415234661526317,4.63078112226656
GUJARAT,2009,298740,2.474261641117766,0.4958440162560653,2414781.0,3.316480387042699,6.688555832707664
GUJARAT,2010,468576,3.861972017648286,0.773942288105869,3033269.0,3.667682330216661,4.738961013737696
GUJARAT,2011,437610,3.165717624151385,0.6344123495293357,2303901.0,3.5039927275491825,5.523210148965039
GUJARAT,2012,45800,1.206427678085057,0.2417690737645404,1898166.0,3.238926487055499,13.396777497728674
GUJARAT,2013,332400,3.2460354228009964,0.6505081007617227,2560046.0,3.402931460538406,5.231189982958997
GUJARAT,2014,425540,2.9873692841658337,0.5986711992316299,2848928.0,3.2665648460372725,5.456358766263978
GUJARAT,2015,482946,2.7232014626411107,0.5457317560403027,2955749.0,3.3918315406902813,6.215199139776268
GUJARAT,2016,304458,2.710032455446528,0.54309267644219,3744826.0,3.413461344251057,6.285228087796551
GUJARAT,2017,417800,2.426312798991657,0.4862350298580475,4304886.0,3.294403197051509,6.775330847745141
GUJARAT,2018,488432,3.370497464977829,0.6754503937831321,3622848.0,3.020362829531245,4.471627905366205
GUJARAT,2019,730464,3.7190910734971374,0.7453088323641559,3273488.0,2.966142192206973,3.9797491501586335
GUJARAT,2020,263904,2.0358225277204007,0.4079804664770342,3240754.0,2.9437024335205977,7.215302386753614
GUJARAT,2021,282772,2.169522464453289,0.434774040972603,3258459.0,3.067395729538567,7.055149205036961
GUJARAT,2022,267436,2.228576133212581,0.4466084435295753,3000077.0,3.784645590069676,8.474191755443265
GUJARAT,2023,312852,2.573534250613992,0.5157383267763511,3039128.0,3.8763492279726512,7.516116268112109
GUJARAT,2024,80478,4.577196033756522,0.917273754259824,879119.0,1.9033316690425837,2.074987603431911
HARYANA,1997,5600,3.203294817526599,1.5326769461849756,87410.0,5.829581951598922,3.8035294822627033
HARYANA,1998,4250,1.962595243592704,0.9390407864079924,108275.0,5.5151018333568365,5.873122779313067
HARYANA,1999,5250,0.4218727776344749,0.2018530036528588,414817.0,4.070000431822988,20.16318983700863
HARYANA,2000,2500,0.4729787254169307,0.2263056102473352,528565.0,4.530945728262485,20.021358389261753
HARYANA,2001,5700,0.7427213309566251,0.3553690578739833,767448.0,3.511551122559496,9.88142058165548
HARYANA,2002,4200,0.5098213440347261,0.2439336574328833,823818.0,3.083612606752703,12.64119367209971
HARYANA,2003,1900,0.2016272379296915,0.0964723626457854,942333.0,3.94469339936166,40.88936241610739
HARYANA,2004,2145,0.2036265460665901,0.0974289694098517,1053399.0,4.236254679331402,43.48044226467047
HARYANA,2005,38835,0.8692306452652614,0.41589983027046,1489248.0,5.866683258077118,14.1060006065932
HARYANA,2007,6330,0.2724199933035464,0.1303444944036107,2323618.0,3.752486698581218,28.788992705450774
HARYANA,2008,123080,0.994944762296476,0.4760501255007062,3092634.0,3.4415234661526317,7.22933002597754
HARYANA,2009,74328,1.0260143673484263,0.4909159652384814,2414781.0,3.316480387042699,6.755698779182279
HARYANA,2010,13865,0.457097606575612,0.2187069887921588,3033269.0,3.667682330216661,16.769845126906876
HARYANA,2011,1765,0.0766091945791073,0.0366551170234963,2303901.0,3.5039927275491825,95.59354906173365
HARYANA,2012,15150,0.7981388350650048,0.3818846100789497,1898166.0,3.238926487055499,8.48142711586595
HARYANA,2013,9058,0.3538217672651194,0.169292711610105,2560046.0,3.402931460538406,20.1008739725053
HARYANA,2015,9756,0.3300686222003289,0.1579275704307794,2955749.0,3.3918315406902813,21.47713367234343
HARYANA,2016,21612,0.288558133275084,0.1380660924761168,3744826.0,3.413461344251057,24.72338633644992
HARYANA,2017,23055,0.535554251610844,0.2562460534023177,4304886.0,3.294403197051509,12.856405604339784
HARYANA,2018,58190,0.8030974526118678,0.3842571543597454,3622848.0,3.020362829531245,7.860264396544069
HARYANA,2019,60040,0.9170646112037067,0.4387868953127785,3273488.0,2.966142192206973,6.759869594766798
HARYANA,2020,73140,1.128441097349567,0.5399239700237164,3240754.0,2.9437024335205977,5.452068433619078
HARYANA,2021,94668,1.4526498568802002,0.695047778411579,3258459.0,3.067395729538567,4.413215644755547
HARYANA,2022,87470,1.457795916571475,0.6975100079289354,3000077.0,3.784645590069676,5.42593732999924
HARYANA,2023,18315,0.6026399677802317,0.2883444821914984,3039128.0,3.8763492279726512,13.44346594917065
JAMMU AND KASHMIR,2003,8000,0.4244783956414558,0.4202756392489661,942333.0,3.94469339936166,9.385967281879196
JAMMU AND KASHMIR,2004,4000,0.3797231628281401,0.375963527552614,1053399.0,4.236254679331402,11.267727768456377
JAMMU AND KASHMIR,2005,11800,0.3961731021293968,0.3922505961677196,1489248.0,5.866683258077118,14.956467409850985
JAMMU AND KASHMIR,2006,31200,0.8452906743306354,0.8369214597333025,1230346.0,3.639192912362067,4.348308757098605
JAMMU AND KASHMIR,2007,19200,0.4131488050101178,0.4090582227822948,2323618.0,3.752486698581218,9.173478222874722
JAMMU AND KASHMIR,2008,31216,0.5046830630459344,0.4996862010355786,3092634.0,3.4415234661526317,6.887369431095395
JAMMU AND KASHMIR,2009,15940,0.6601012679824796,0.6535656118638412,2414781.0,3.316480387042699,5.074441382533494
JAMMU AND KASHMIR,2010,23970,0.7902365401815665,0.782412416021353,3033269.0,3.667682330216661,4.687658650494326
JAMMU AND KASHMIR,2011,11798,0.512087976002441,0.5070177980222188,2303901.0,3.5039927275491825,6.910985652214971
JAMMU AND KASHMIR,2012,10946,0.5766618936383857,0.5709523699389958,1898166.0,3.238926487055499,5.672848835712104
JAMMU AND KASHMIR,2013,24065,0.9400221714766064,0.9307150212639664,2560046.0,3.402931460538406,3.6562550112461087
JAMMU AND KASHMIR,2014,57672,2.0243403834705544,2.0042974093767865,2848928.0,3.2665648460372725,1.6297805060043329
JAMMU AND KASHMIR,2015,17738,0.60011861629658,0.5941768478183961,2955749.0,3.3918315406902813,5.7084545672620335
JAMMU AND KASHMIR,2016,346620,3.085323590468556,3.054775832147085,3744826.0,3.413461344251057,1.1174179487507159
JAMMU AND KASHMIR,2017,62980,1.4629887992388184,1.4485037616225924,4304886.0,3.294403197051509,2.274349079605542
JAMMU AND KASHMIR,2018,54737,1.5108831504937552,1.4959239113799556,3622848.0,3.020362829531245,2.019061802912843
JAMMU AND KASHMIR,2019,54435,1.6629051336067218,1.6464407263432888,3273488.0,2.966142192206973,1.8015481181607518
JAMMU AND KASHMIR,2020,45785,1.4127885053910294,1.3988005003871578,3240754.0,2.9437024335205977,2.104447655477564
JAMMU AND KASHMIR,2021,31252,0.9591036744669796,0.949607598482158,3258459.0,3.067395729538567,3.2301718461830524
JHARKHAND,1997,5524,3.159821530717309,1.1574437841455345,87410.0,5.829581951598922,5.036600508337019
JHARKHAND,1998,38788,8.95589933040868,3.280549205277905,108275.0,5.5151018333568365,1.6811519926248555
JHARKHAND,1999,36240,2.9121275164711182,1.0667133759967466,414817.0,4.070000431822988,3.8154583259255963
JHARKHAND,2000,133590,4.212348528563186,1.5429848089975038,528565.0,4.530945728262485,2.9364810993870356
JHARKHAND,2001,28560,1.240474924685451,0.4543864192987,767448.0,3.511551122559496,7.728116363995262
JHARKHAND,2002,21915,0.8867249805175415,0.3248076851712606,823818.0,3.083612606752703,9.493656546724916
JHARKHAND,2003,12600,0.6685534731352929,0.2448913821008398,942333.0,3.94469339936166,16.10793064876958
JHARKHAND,2004,14746,0.6999247198829693,0.2563826812758129,1053399.0,4.236254679331402,16.52317020108741
JHARKHAND,2005,33537,0.7506473065600894,0.274962383355344,1489248.0,5.866683258077118,21.336312212916003
JHARKHAND,2006,9700,0.3941980548561136,0.1443948918886863,1230346.0,3.639192912362067,25.203058534560302
JHARKHAND,2008,34762,0.5620128343670799,0.2058655070941684,3092634.0,3.4415234661526317,16.71733897888191
JHARKHAND,2009,19270,0.3990009860107397,0.1461542073299412,2414781.0,3.316480387042699,22.691651835624466
JHARKHAND,2010,4000,0.131870928691125,0.0483043694839285,3033269.0,3.667682330216661,75.92858305369138
JHARKHAND,2011,3130,0.1358565320298051,0.049764297446815,2303901.0,3.5039927275491825,70.4117792739671
JHARKHAND,2014,5760,0.2021813117074211,0.0740590885375169,2848928.0,3.2665648460372725,44.107548587807614
JHARKHAND,2015,10244,0.3465788197847652,0.1269519486391081,2955749.0,3.3918315406902813,26.717443702517635
JHARKHAND,2016,7520,0.2008103981333178,0.0735569223931567,3744826.0,3.413461344251057,46.40571183778381
JHARKHAND,2017,53760,0.6244067787160914,0.228720431764136,4304886.0,3.294403197051509,14.403624423238258
JHARKHAND,2018,52350,0.7224978801208332,0.2646512381394993,3622848.0,3.020362829531245,11.412615526624489
JHARKHAND,2019,6930,0.2117007913271714,0.0775460774092203,3273488.0,2.966142192206973,38.2500610128127
JHARKHAND,2020,7743,0.2389258795946869,0.087518637214171,3240754.0,2.9437024335205977,33.635149349011506
JHARKHAND,2021,13239,0.4062963505141541,0.1488265020198366,3258459.0,3.067395729538567,20.610547771456215
JHARKHAND,2022,88320,1.4719622196363626,0.5391803002330998,3000077.0,3.784645590069676,7.019257915086082
JHARKHAND,2023,12783,0.4206140708782255,0.1540710882337822,3039128.0,3.8763492279726512,25.159484965088396
KARNATAKA,1994,11400,26.79830747531735,5.306595539666802,21270.0,5.427185783297521,1.0227245967267162
KARNATAKA,1995,16050,18.00013458044546,3.5643830852367246,29722.0,3.755155718156031,1.0535219218465786
KARNATAKA,1996,14700,10.977686172596112,2.17379924209824,44636.0,4.723141581929535,2.1727588686481303
KARNATAKA,1997,21708,8.278229035579454,1.639253274372169,87410.0,5.829581951598922,3.5562423712904527
KARNATAKA,1998,64200,9.882244285384438,1.9568800565117697,108275.0,5.5151018333568365,2.818313679984947
KARNATAKA,1999,182868,7.347336295282016,1.4549180782736664,414817.0,4.070000431822988,2.79740866004789
KARNATAKA,2000,575976,9.080813145024736,1.7981808207969776,528565.0,4.530945728262485,2.5197386580145538
KARNATAKA,2001,1018420,10.207857731077544,2.021357966550009,767448.0,3.511551122559496,1.7372237776136716
KARNATAKA,2002,1260360,12.749175181896971,2.524589144930093,823818.0,3.083612606752703,1.2214314606181553
KARNATAKA,2003,985296,8.043016640614306,1.5926765624978825,942333.0,3.94469339936166,2.4767699181652927
KARNATAKA,2004,811206,7.0007660914810055,1.3862903151447536,1053399.0,4.236254679331402,3.0558207274852536
KARNATAKA,2005,2143141,11.069815101312876,2.192042594319381,1489248.0,5.866683258077118,2.6763545896783523
KARNATAKA,2006,1146123,8.468593387551143,1.676949185653692,1230346.0,3.639192912362067,2.170127123406827
KARNATAKA,2007,2808220,12.085549345890762,2.3931780882952003,2323618.0,3.752486698581218,1.5679930870729024
KARNATAKA,2008,4376384,8.844370203522304,1.7513604363410504,3092634.0,3.4415234661526317,1.9650572176579921
KARNATAKA,2009,3540516,10.47275094511676,2.073812068339953,2414781.0,3.316480387042699,1.5992193495611577
KARNATAKA,2010,4803915,10.558278873387096,2.090748291759821,3033269.0,3.667682330216661,1.7542438488037726
KARNATAKA,2011,3810672,10.337553566754822,2.04704031024848,2303901.0,3.5039927275491825,1.7117360659711922
KARNATAKA,2012,2275672,8.563423852286892,1.695727495502355,1898166.0,3.238926487055499,1.9100512881027356
KARNATAKA,2013,1884370,7.3606880501365985,1.4575619901260592,2560046.0,3.402931460538406,2.3346735738108118
KARNATAKA,2014,1398824,6.137501544440575,1.2153468404832823,2848928.0,3.2665648460372725,2.687763473954747
KARNATAKA,2015,1191753,4.47998121626701,0.8871249933202001,2955749.0,3.3918315406902813,3.8233975665546702
KARNATAKA,2016,2360028,5.729184747168493,1.134492029142276,3744826.0,3.413461344251057,3.0088015222387927
KARNATAKA,2017,3602324,7.607263003015643,1.5063887134684442,4304886.0,3.294403197051509,2.1869542486588207
KARNATAKA,2018,2223594,6.819662320914374,1.350428182359282,3622848.0,3.020362829531245,2.2365964136311813
KARNATAKA,2019,2119660,6.475233756775648,1.2822245062922075,3273488.0,2.966142192206973,2.3132783515299744
KARNATAKA,2020,1045814,4.610099995248019,0.9128910881679246,3240754.0,2.9437024335205977,3.22459324192582
KARNATAKA,2021,1158912,5.927710000340652,1.173803960463495,3258459.0,3.067395729538567,2.613209558713158
KARNATAKA,2022,844794,4.693179541725096,0.92934248350992,3000077.0,3.784645590069676,4.072390595742391
KARNATAKA,2023,440216,3.6212360914051662,0.7170764537435973,3039128.0,3.8763492279726512,5.405768391551042
KARNATAKA,2024,95684,5.442039132358646,1.0776315113581476,879119.0,1.9033316690425837,1.766217532599617
KERALA,1998,2000,1.8471484645578389,0.669256690057188,108275.0,5.5151018333568365,8.240637583892617
KERALA,1999,7806,0.9408968292042031,0.3409046482623925,414817.0,4.070000431822988,11.938823517273754
KERALA,2000,2000,0.3783829803335446,0.1370952827295451,528565.0,4.530945728262485,33.04961073825504
KERALA,2001,105800,3.4464875796145145,1.2487273839183024,767448.0,3.511551122559496,2.812103880945433
KERALA,2002,174415,4.234309034276988,1.5341699399554307,823818.0,3.083612606752703,2.009955042426581
KERALA,2003,118550,2.5160956901647293,0.9116288732480904,942333.0,3.94469339936166,4.327082560808879
KERALA,2004,2200,0.208847739555477,0.0756694708534337,1053399.0,4.236254679331402,55.98366992068336
KERALA,2005,73000,1.22545069726466,0.4440038758205289,1489248.0,5.866683258077118,13.213135239496184
KERALA,2006,508095,4.588546636474618,1.6625168972734123,1230346.0,3.639192912362067,2.1889659698078705
KERALA,2007,190000,2.044225858122979,0.7406615427981809,2323618.0,3.752486698581218,5.066398728364534
KERALA,2008,57954,0.6246455286981906,0.2263208437312285,3092634.0,3.4415234661526317,15.206391993835426
KERALA,2009,424445,2.510993750571998,0.9097803444101444,2414781.0,3.316480387042699,3.645363858891607
KERALA,2010,21924,0.361392280078028,0.130939231912329,3033269.0,3.667682330216661,28.01056854123274
KERALA,2011,19460,0.4223271746485635,0.1530170922639722,2303901.0,3.5039927275491825,22.89935507011458
KERALA,2012,71284,0.9388536092206898,0.3401643511669166,1898166.0,3.238926487055499,9.52165174259009
KERALA,2013,4950,0.1933559006361604,0.0700564857377393,2560046.0,3.402931460538406,48.57411022981492
KERALA,2014,24826,0.4357077469139269,0.1578651256934518,2848928.0,3.2665648460372725,20.692124569554434
KERALA,2015,68746,1.162920126167682,0.4213478717998848,2955749.0,3.3918315406902813,8.049955316497243
KERALA,2016,95103,0.8465279828755727,0.3067130372737583,3744826.0,3.413461344251057,11.129169384490018
KERALA,2017,19455,0.4519283437470818,0.1637421535315514,4304886.0,3.294403197051509,20.119456877771626
KERALA,2018,22662,0.3127649848958609,0.1133206467013989,3622848.0,3.020362829531245,26.653243847874723
KERALA,2019,136665,1.3916348555424674,0.5042155273704592,3273488.0,2.966142192206973,5.882687127220653
KERALA,2020,123378,1.2690256650149934,0.459791907614128,3240754.0,2.9437024335205977,6.402249332302399
KERALA,2021,58780,0.9019600983164128,0.3267971370711641,3258459.0,3.067395729538567,9.386238071206249
KERALA,2022,54738,0.9122765849009876,0.3305349945293433,3000077.0,3.784645590069676,11.450060213620416
KERALA,2023,46084,0.7581780036905322,0.2747021752501928,3039128.0,3.8763492279726512,14.111097680395709
MADHYA PRADESH,1994,1300,6.11189468735308,1.0186491145588463,21270.0,5.427185783297521,5.327826535880229
MADHYA PRADESH,2000,26700,1.6838042624842733,0.2806340437473789,528565.0,4.530945728262485,16.14538873388131
MADHYA PRADESH,2001,42600,1.8502882279972064,0.3083813713328677,767448.0,3.511551122559496,11.387040362983269
MADHYA PRADESH,2002,38000,2.306334651585666,0.3843891085976109,823818.0,3.083612606752703,8.022112327799364
MADHYA PRADESH,2003,12480,0.6621862972006711,0.1103643828667785,942333.0,3.94469339936166,35.74244966442954
MADHYA PRADESH,2004,7137,0.6775210532761091,0.1129201755460181,1053399.0,4.236254679331402,37.51548081507375
MADHYA PRADESH,2005,57594,1.2891069855390105,0.2148511642565017,1489248.0,5.866683258077118,27.305801569095216
MADHYA PRADESH,2006,5915,0.4807590710255489,0.0801265118375915,1230346.0,3.639192912362067,45.41808733342032
MADHYA PRADESH,2007,132945,1.9071551347941011,0.3178591891323502,2323618.0,3.752486698581218,11.805500129866493
MADHYA PRADESH,2008,108060,1.1647029684081596,0.1941171614013599,3092634.0,3.4415234661526317,17.729104636126838
MADHYA PRADESH,2009,8088,0.1674686027428574,0.0279114337904762,2414781.0,3.316480387042699,118.82157011132591
MADHYA PRADESH,2010,311512,2.567461046151858,0.427910174358643,3033269.0,3.667682330216661,8.571150091754252
MADHYA PRADESH,2011,179980,1.9529919037319745,0.3254986506219958,2303901.0,3.5039927275491825,10.764999243018053
MADHYA PRADESH,2012,105292,2.773519281243052,0.4622532135405087,1898166.0,3.238926487055499,7.006823083495258
MADHYA PRADESH,2013,128211,1.6693840657550685,0.2782306776258447,2560046.0,3.402931460538406,12.230611985622067
MADHYA PRADESH,2014,252336,2.952408765683092,0.4920681276138486,2848928.0,3.2665648460372725,6.638440213304601
MADHYA PRADESH,2015,37490,0.6341878150005296,0.1056979691667549,2955749.0,3.3918315406902813,32.089845882839455
MADHYA PRADESH,2016,460470,4.098721809771669,0.6831203016286115,3744826.0,3.413461344251057,4.996867076140325
MADHYA PRADESH,2017,226340,2.6288733313727706,0.438145555228795,4304886.0,3.294403197051509,7.5189697983612005
MADHYA PRADESH,2018,141314,1.9503164361298075,0.3250527393549679,3622848.0,3.020362829531245,9.29191624572932
MADHYA PRADESH,2019,59899,1.8298218902895016,0.3049703150482503,3273488.0,2.966142192206973,9.726002977495336
MADHYA PRADESH,2020,341180,2.631949231567716,0.4386582052612858,3240754.0,2.9437024335205977,6.710697299659966
MADHYA PRADESH,2021,93254,1.430952483980925,0.2384920806634874,3258459.0,3.067395729538567,12.861625094657404
MADHYA PRADESH,2022,10720,0.3573241620131749,0.0595540270021958,3000077.0,3.784645590069676,63.54978463387763
MADHYA PRADESH,2023,133872,1.4683159116694,0.2447193186115666,3039128.0,3.8763492279726512,15.839980472180985
MADHYA PRADESH,2024,50908,2.895398688914698,0.4825664481524496,879119.0,1.9033316690425837,3.9441856687916568
MAHARASHTRA,1991,500,33.33333333333333,3.5919540229885056,1500.0,11.185682326621922,3.114093959731543
MAHARASHTRA,1992,900,18.367346938775512,1.9792399718508096,4900.0,6.848376934666484,3.4601043997017147
MAHARASHTRA,1993,1620,13.705583756345176,1.4768948013302994,11820.0,5.6780113333106215,3.8445604441130166
MAHARASHTRA,1994,240,1.1283497884344147,0.1215894168571567,21270.0,5.427185783297521,44.63534675615215
MAHARASHTRA,1995,7040,11.843079200592154,1.2761938793741543,29722.0,3.755155718156031,2.9424649176327033
MAHARASHTRA,1996,3071,6.880096782865848,0.7413897395329577,44636.0,4.723141581929535,6.370659492677768
MAHARASHTRA,1997,52848,15.114975403271936,1.6287689012146485,87410.0,5.829581951598922,3.5791338766669307
MAHARASHTRA,1998,37400,6.908335257446318,0.7444326786041291,108275.0,5.5151018333568365,7.408462836019093
MAHARASHTRA,1999,374780,9.034827405819916,0.9735805394202496,414817.0,4.070000431822988,4.180445548189165
MAHARASHTRA,2000,878733,18.472089525413143,1.990526888514348,528565.0,4.530945728262485,2.276254470314745
MAHARASHTRA,2001,1855920,16.122004357298476,1.7372849522950944,767448.0,3.511551122559496,2.0212867888600843
MAHARASHTRA,2002,1144198,12.626332515191462,1.3605961762059766,823818.0,3.083612606752703,2.266368714449396
MAHARASHTRA,2003,2142495,15.157380671164017,1.6333384343926742,942333.0,3.94469339936166,2.4151108651456052
MAHARASHTRA,2004,2118760,14.36682586560268,1.5481493389658063,1053399.0,4.236254679331402,2.736334649835075
MAHARASHTRA,2005,3335956,17.230978319259115,1.856786456816715,1489248.0,5.866683258077118,3.15958964292264
MAHARASHTRA,2006,1442922,9.021364721793708,0.9721298191588048,1230346.0,3.639192912362067,3.7435256491886064
MAHARASHTRA,2007,4506384,16.161520525318707,1.7415431600558953,2323618.0,3.752486698581218,2.1546906126982126
MAHARASHTRA,2008,6694496,13.529114664069526,1.4578787353523197,3092634.0,3.4415234661526317,2.360637673558585
MAHARASHTRA,2009,3931312,11.628714984919956,1.253094287168099,2414781.0,3.316480387042699,2.6466327562131826
MAHARASHTRA,2010,6113970,11.197984748467745,1.2066793909986793,3033269.0,3.667682330216661,3.0394836918373085
MAHARASHTRA,2011,2635479,10.39927496884632,1.120611526815336,2303901.0,3.5039927275491825,3.126857652006466
MAHARASHTRA,2012,1273454,9.584093277405664,1.0327686721342313,1898166.0,3.238926487055499,3.1361587298753077
MAHARASHTRA,2013,4428160,15.724717446483382,1.694473862767606,2560046.0,3.402931460538406,2.008252552789663
MAHARASHTRA,2014,6017475,14.081261442900628,1.5173773106573951,2848928.0,3.2665648460372725,2.152770324885148
MAHARASHTRA,2015,3116594,8.110905222331125,0.874019959302923,2955749.0,3.3918315406902813,3.880725496698549
MAHARASHTRA,2016,6155292,12.643684913531365,1.3624660467167418,3744826.0,3.413461344251057,2.5053551627776596
MAHARASHTRA,2017,6984523,12.480493095519831,1.3448807214999825,4304886.0,3.294403197051509,2.4495876432648767
MAHARASHTRA,2018,6705088,14.236755171621883,1.5341331003902894,3622848.0,3.020362829531245,1.9687749575071765
MAHARASHTRA,2019,5517330,12.038993269564452,1.2973053092203075,3273488.0,2.966142192206973,2.286387152758707
MAHARASHTRA,2020,3386390,10.44938924707028,1.1260117723136078,3240754.0,2.9437024335205977,2.6142732304407392
MAHARASHTRA,2021,3846414,10.731268983283202,1.1563867438882762,3258459.0,3.067395729538567,2.6525690870725875
MAHARASHTRA,2022,3926810,13.08903071487832,1.4104558959998188,3000077.0,3.784645590069676,2.683278222880471
MAHARASHTRA,2023,3123423,11.419295271538417,1.2305275077088809,3039128.0,3.8763492279726512,3.1501524376241097
MAHARASHTRA,2024,801575,18.235870229172612,1.965072222971187,879119.0,1.9033316690425837,0.9685810255689983
MANIPUR,2000,2750,0.5202765979586238,2.4775076093267803,528565.0,4.530945728262485,1.8288322147651006
MANIPUR,2003,4000,0.4244783956414558,2.0213256935307418,942333.0,3.94469339936166,1.9515377516778527
MANIPUR,2004,8000,0.3797231628281401,1.808205537276858,1053399.0,4.236254679331402,2.3427948825503355
MANIPUR,2005,36000,0.6043318507058596,2.8777707176469502,1489248.0,5.866683258077118,2.0386208053691277
MANIPUR,2006,42000,1.137891292368163,5.41852996365792,1230346.0,3.639192912362067,0.671619966442953
MANIPUR,2007,150635,1.296555630056231,6.174074428839198,2323618.0,3.752486698581218,0.6077812539889856
MANIPUR,2008,84393,0.9096129706910032,4.331490336623824,3092634.0,3.4415234661526317,0.7945356444763821
MANIPUR,2009,9400,0.194634627322312,0.9268315586776764,2414781.0,3.316480387042699,3.57829894331001
MANIPUR,2010,153580,1.0126368614191488,4.822080292472137,3033269.0,3.667682330216661,0.7606016714284841
MANIPUR,2011,87252,1.2623806318066615,6.0113363419364845,2303901.0,3.5039927275491825,0.5828974670913873
MANIPUR,2012,54786,1.443129842173972,6.872046867495106,1898166.0,3.238926487055499,0.471319033398284
MANIPUR,2013,150576,1.9605897706525588,9.336141765012185,2560046.0,3.402931460538406,0.3644901230282427
MANIPUR,2014,226408,1.9867823967471276,9.460868555938704,2848928.0,3.2665648460372725,0.3452711372875812
MANIPUR,2015,574652,4.860460072895228,23.14504796616776,2955749.0,3.3918315406902813,0.1465467492505648
MANIPUR,2016,159525,1.4199591649919114,6.761710309485293,3744826.0,3.413461344251057,0.5048221807820826
MANIPUR,2017,48570,0.5641264367976295,2.686316365702998,4304886.0,3.294403197051509,1.2263645634267568
MANIPUR,2018,20270,0.5595045665730386,2.6643074598716123,3622848.0,3.020362829531245,1.1336389943812228
MANIPUR,2019,67048,1.0241063966020345,4.876697126676354,3273488.0,2.966142192206973,0.6082276826218459
MANIPUR,2020,43798,0.6757378066956023,3.2177990795028686,3240754.0,2.9437024335205977,0.9148185951918983
MANIPUR,2021,56710,0.8701966174808399,4.143793416575428,3258459.0,3.067395729538567,0.7402385739763947
MANIPUR,2022,79530,1.325465979706521,6.311742760507243,3000077.0,3.784645590069676,0.5996197458727743
MANIPUR,2023,105086,1.7288840746424632,8.232781307821254,3039128.0,3.8763492279726512,0.470843216045356
ODISHA,1993,2000,16.920473773265652,4.876217225724972,11820.0,5.6780113333106215,1.1644295302013423
ODISHA,1994,1200,5.6417489421720735,1.6258642484645744,21270.0,5.427185783297521,3.338031319910515
ODISHA,1995,1200,4.037413363838234,1.1635197013943035,29722.0,3.755155718156031,3.2274105145413876
ODISHA,1996,1200,2.688412940227619,0.7747587723998901,44636.0,4.723141581929535,6.096273769574945
ODISHA,1997,1500,1.7160507951035349,0.4945391340356008,87410.0,5.829581951598922,11.787908277404924
ODISHA,1999,113346,13.662169101073486,3.937224524805039,414817.0,4.070000431822988,1.0337232246170984
ODISHA,2000,67200,3.1784170348017744,0.9159703270322116,528565.0,4.530945728262485,4.946607542345798
ODISHA,2001,60450,2.625585055925613,0.7566527538690527,767448.0,3.511551122559496,4.640901793595018
ODISHA,2002,105790,2.56828571359208,0.740139975098582,823818.0,3.083612606752703,4.166255992782967
ODISHA,2003,59115,2.0910866965287216,0.6026186445327728,942333.0,3.94469339936166,6.5459199365132354
ODISHA,2004,311075,5.906119143838184,1.7020516264663357,1053399.0,4.236254679331402,2.488910802386399
ODISHA,2005,56883,1.2731929134704227,0.3669143842854244,1489248.0,5.866683258077118,15.989243020555438
ODISHA,2006,278040,3.766420177738621,1.0854236823454235,1230346.0,3.639192912362067,3.3527856186980967
ODISHA,2007,747472,4.021056817428683,1.158805999258986,2323618.0,3.752486698581218,3.2382354777079128
ODISHA,2008,246716,1.9943840751928612,0.5747504539460695,3092634.0,3.4415234661526317,5.987856890802143
ODISHA,2009,189030,2.6093463548040177,0.7519730129118206,2414781.0,3.316480387042699,4.410371556022321
ODISHA,2010,304432,2.509108160206035,0.7230859251314222,3033269.0,3.667682330216661,5.072263478991176
ODISHA,2011,482885,4.191890189726035,1.208037518653036,2303901.0,3.5039927275491825,2.900566144217226
ODISHA,2012,278316,3.665590891418348,1.056366251129207,1898166.0,3.238926487055499,3.0661018217812575
ODISHA,2013,295932,2.889909009447486,0.8328268038753562,2560046.0,3.402931460538406,4.086001368716395
ODISHA,2014,401552,3.5237113749452424,1.0154787824049691,2848928.0,3.2665648460372725,3.216773114944886
ODISHA,2015,463188,3.9176871919773975,1.1290164818378663,2955749.0,3.3918315406902813,3.004235629199051
ODISHA,2016,408268,2.7255471949831582,0.7854602867386623,3744826.0,3.413461344251057,4.345810223485915
ODISHA,2017,532804,3.0941818203780542,0.8916950491003038,4304886.0,3.294403197051509,3.694540191038935
ODISHA,2018,391232,2.6997544473298354,0.7780272182506729,3622848.0,3.020362829531245,3.882078619720105
ODISHA,2019,508508,3.883533405346224,1.119173892030612,3273488.0,2.966142192206973,2.6502960919015455
ODISHA,2020,486328,3.7516577932172575,1.081169392857999,3240754.0,2.9437024335205977,2.722702337826191
ODISHA,2021,576012,4.419358966922708,1.2735904803811835,3258459.0,3.067395729538567,2.40846314163757
ODISHA,2022,327724,2.730963238610209,0.7870211062277258,3000077.0,3.784645590069676,4.808823499295816
ODISHA,2023,126332,2.078425127207541,0.5989697772932395,3039128.0,3.8763492279726512,6.471694190464796
ODISHA,2024,51397,5.846421246725415,1.6848476215347017,879119.0,1.9033316690425837,1.1296758500385147
PUDUCHERRY,1998,2000,1.8471484645578389,18.47148464557839,108275.0,5.5151018333568365,0.2985738255033557
PUDUCHERRY,2002,2000,0.2427720685879648,2.427720685879648,823818.0,3.083612606752703,1.2701677852348994
PUDUCHERRY,2018,3052,0.0842431148091225,0.8424311480912255,3622848.0,3.020362829531245,3.5852933932639615
PUDUCHERRY,2019,5410,0.1652671401269838,1.652671401269838,3273488.0,2.966142192206973,1.7947561686660296
PUDUCHERRY,2020,15047,0.4643055288985218,4.6430552889852175,3240754.0,2.9437024335205977,0.634001158785247
PUDUCHERRY,2021,17312,0.5312940871743361,5.312940871743361,3258459.0,3.067395729538567,0.5773442249004453
PUDUCHERRY,2022,14224,0.4741211642234516,4.741211642234515,3000077.0,3.784645590069676,0.7982443889144731
PUDUCHERRY,2023,6681,0.2198327941435832,2.1983279414358328,3039128.0,3.8763492279726512,1.763317089733583
PUNJAB,1993,2200,18.61252115059222,8.127738493708392,11820.0,5.6780113333106215,0.6985967053081147
PUNJAB,1994,1200,5.6417489421720735,2.4636458262760144,21270.0,5.427185783297521,2.202908277404922
PUNJAB,1995,2000,6.729022273063724,2.9384376738269538,29722.0,3.755155718156031,1.277942953020134
PUNJAB,1996,1200,2.688412940227619,1.1739794498810563,44636.0,4.723141581929535,4.023189317673379
PUNJAB,1997,1500,1.7160507951035349,0.749367159433858,87410.0,5.829581951598922,7.77934004474273
PUNJAB,1999,1500,0.3616052379724071,0.1579062174551996,414817.0,4.070000431822988,25.774795302013423
PUNJAB,2000,1500,0.2837872352501584,0.1239245568777984,528565.0,4.530945728262485,36.562129753915
PUNJAB,2002,1000,0.1213860342939824,0.0530070018751014,823818.0,3.083612606752703,58.173684563758485
PUNJAB,2003,1000,0.1061195989103639,0.0463404362053991,942333.0,3.94469339936166,85.1242181208054
PUNJAB,2005,12000,0.4028879004705731,0.1759335809915166,1489248.0,5.866683258077118,33.34601174496645
PUNJAB,2006,11200,0.4551565169472652,0.1987583043437839,1230346.0,3.639192912362067,18.30963956136146
PUNJAB,2007,16000,0.3442906708417649,0.150345271109941,2323618.0,3.752486698581218,24.95912688758389
PUNJAB,2008,1500,0.0485023446033381,0.0211800631455625,3092634.0,3.4415234661526317,162.48881991051456
RAJASTHAN,1992,4000,40.81632653061224,7.21136511141559,4900.0,6.848376934666484,0.9496644295302014
RAJASTHAN,1993,2000,16.920473773265652,2.989482998810186,11820.0,5.6780113333106215,1.8993288590604027
RAJASTHAN,1994,1500,7.052186177715091,1.245969289348956,21270.0,5.427185783297521,4.355794183445191
RAJASTHAN,1995,1000,3.364511136531862,0.5944365965603996,29722.0,3.755155718156031,6.317167785234899
RAJASTHAN,1996,5000,11.201720584281746,1.979102576728224,44636.0,4.723141581929535,2.3865067114093956
RAJASTHAN,1997,2500,2.860084658505892,0.5053153106900868,87410.0,5.829581951598922,11.536523489932886
RAJASTHAN,1998,600,0.5541445393673516,0.0979053956479419,108275.0,5.5151018333568365,56.33092841163317
RAJASTHAN,1999,3000,0.7232104759448142,0.1277757024637481,414817.0,4.070000431822988,31.85269463087248
RAJASTHAN,2000,29000,2.7432766074181982,0.4846778458336039,528565.0,4.530945728262485,9.348365656098126
RAJASTHAN,2001,45786,1.988668939133336,0.3513549362426388,767448.0,3.511551122559496,9.994312759945084
RAJASTHAN,2002,341496,6.908807527876303,1.220637372416308,823818.0,3.083612606752703,2.52623152169145
RAJASTHAN,2003,188405,3.998692606541424,0.7064827926751633,942333.0,3.94469339936166,5.583566139558345
RAJASTHAN,2004,123495,3.907825999455097,0.6904286218118546,1053399.0,4.236254679331402,6.135688100841515
RAJASTHAN,2005,16306,0.5474575087560971,0.0967239414763422,1489248.0,5.866683258077118,60.65388949758686
RAJASTHAN,2006,48009,1.300691025126265,0.2298040680435097,1230346.0,3.639192912362067,15.836068279143973
RAJASTHAN,2007,279654,2.005880484657977,0.3543958453459324,2323618.0,3.752486698581218,10.588404880757972
RAJASTHAN,2008,582078,2.6887759754306524,0.4750487589100092,3092634.0,3.4415234661526317,7.244568902883033
RAJASTHAN,2009,1455579,6.697543172652095,1.1833115146028437,2414781.0,3.316480387042699,2.802711159415882
RAJASTHAN,2010,1181259,4.327047815409712,0.7644960804610798,3033269.0,3.667682330216661,4.7975161991734785
RAJASTHAN,2011,564396,4.082901131602443,0.7213606239580288,2303901.0,3.5039927275491825,4.857477121946507
RAJASTHAN,2012,410425,4.324437377974318,0.7640348724336252,1898166.0,3.238926487055499,4.239239076534268
RAJASTHAN,2013,241503,3.144513809517485,0.5555678108688136,2560046.0,3.402931460538406,6.125141511018789
RAJASTHAN,2014,624855,4.386597344685439,0.7750171987076748,2848928.0,3.2665648460372725,4.214828847003914
RAJASTHAN,2015,964725,6.527787034690699,1.1533192640796288,2955749.0,3.3918315406902813,2.9409302751888298
RAJASTHAN,2016,1309584,5.828414991777989,1.0297552989007048,3744826.0,3.413461344251057,3.31482765652678
RAJASTHAN,2017,2044518,6.784709281500137,1.198711887190837,4304886.0,3.294403197051509,2.748286082965184
RAJASTHAN,2018,1736063,6.845691566414048,1.20948614247598,3622848.0,3.020362829531245,2.4972281396694287
RAJASTHAN,2019,939018,4.780924811699325,0.8446863624910468,3273488.0,2.966142192206973,3.5115308165501635
RAJASTHAN,2020,1440618,7.408862258597844,1.308986264769937,3240754.0,2.9437024335205977,2.248841345969335
RAJASTHAN,2021,1140790,7.002021507712695,1.2371062734474727,3258459.0,3.067395729538567,2.4794925022816225
RAJASTHAN,2022,628824,5.240065504985372,0.925806626322504,3000077.0,3.784645590069676,4.087943942573703
RAJASTHAN,2023,842816,6.93304131974698,1.224918961086039,3039128.0,3.8763492279726512,3.1645760667593867
RAJASTHAN,2024,263142,9.977488826882368,1.7628072132301,879119.0,1.9033316690425837,1.0797162927164292
SIKKIM,2002,1130,0.1371662187522001,2.743324375044002,823818.0,3.083612606752703,1.124042287818495
SIKKIM,2003,198,0.021011680584252,0.4202336116850412,942333.0,3.94469339936166,9.386905972476445
TAMIL NADU,1991,1000,66.66666666666666,11.185682326621922,1500.0,11.185682326621922,1.0
TAMIL NADU,1992,2000,40.81632653061224,6.848376934666484,4900.0,6.848376934666484,1.0
TAMIL NADU,1993,8000,33.840947546531304,5.6780113333106215,11820.0,5.6780113333106215,1.0
TAMIL NADU,1994,13760,32.34602726845322,5.427185783297521,21270.0,5.427185783297521,1.0
TAMIL NADU,1995,39912,22.380728080209945,3.755155718156031,29722.0,3.755155718156031,1.0
TAMIL NADU,1996,62825,28.14992382830003,4.723141581929535,44636.0,4.723141581929535,1.0
TAMIL NADU,1997,273330,34.744308431529575,5.829581951598922,87410.0,5.829581951598922,1.0
TAMIL NADU,1998,355900,32.870006926806745,5.5151018333568365,108275.0,5.5151018333568365,1.0
TAMIL NADU,1999,1207476,24.25720257366501,4.070000431822988,414817.0,4.070000431822988,1.0
TAMIL NADU,2000,1712832,27.00443654044441,4.530945728262485,528565.0,4.530945728262485,1.0
TAMIL NADU,2001,2569888,20.9288446904546,3.511551122559496,767448.0,3.511551122559496,1.0
TAMIL NADU,2002,2422464,18.37833113624611,3.083612606752703,823818.0,3.083612606752703,1.0
TAMIL NADU,2003,4209374,23.510372660195493,3.94469339936166,942333.0,3.94469339936166,1.0
TAMIL NADU,2004,4521371,25.24807788881516,4.236254679331402,1053399.0,4.236254679331402,1.0
TAMIL NADU,2005,14580216,34.965432218139625,5.866683258077118,1489248.0,5.866683258077118,1.0
TAMIL NADU,2006,5337140,21.68958975767792,3.639192912362067,1230346.0,3.639192912362067,1.0
TAMIL NADU,2007,13511498,22.36482072354406,3.752486698581218,2323618.0,3.752486698581218,1.0
TAMIL NADU,2008,14589935,20.51147985826968,3.4415234661526317,3092634.0,3.4415234661526317,1.0
TAMIL NADU,2009,11455464,19.766223106774486,3.316480387042699,2414781.0,3.316480387042699,1.0
TAMIL NADU,2010,17902458,21.8593866880913,3.667682330216661,3033269.0,3.667682330216661,1.0
TAMIL NADU,2011,11066266,20.883796656193127,3.5039927275491825,2303901.0,3.5039927275491825,1.0
TAMIL NADU,2012,7328440,19.30400186285077,3.238926487055499,1898166.0,3.238926487055499,1.0
TAMIL NADU,2013,10903515,20.2814715048089,3.402931460538406,2560046.0,3.402931460538406,1.0
TAMIL NADU,2014,10538350,19.468726482382145,3.2665648460372725,2848928.0,3.2665648460372725,1.0
TAMIL NADU,2015,11352766,20.21531598251408,3.3918315406902813,2955749.0,3.3918315406902813,1.0
TAMIL NADU,2016,17522688,20.3442296117363,3.413461344251057,3744826.0,3.413461344251057,1.0
TAMIL NADU,2017,21131225,19.63464305442699,3.294403197051509,4304886.0,3.294403197051509,1.0
TAMIL NADU,2018,15651888,18.001362464006217,3.020362829531245,3622848.0,3.020362829531245,1.0
TAMIL NADU,2019,12152574,17.678207465553562,2.966142192206973,3273488.0,2.966142192206973,1.0
TAMIL NADU,2020,11940033,17.54446650378276,2.9437024335205977,3240754.0,2.9437024335205977,1.0
TAMIL NADU,2021,8935515,18.28167854804986,3.067395729538567,3258459.0,3.067395729538567,1.0
TAMIL NADU,2022,9473968,22.55648771681527,3.784645590069676,3000077.0,3.784645590069676,1.0
TAMIL NADU,2023,8425572,23.103041398717,3.8763492279726512,3039128.0,3.8763492279726512,1.0
TAMIL NADU,2024,398904,11.343856747493795,1.9033316690425837,879119.0,1.9033316690425837,1.0
TELANGANA,1999,2100,0.5062473331613699,0.1751720875990899,414817.0,4.070000431822988,23.234297698945355
TELANGANA,2000,35220,2.221108094557907,0.7685495136878571,528565.0,4.530945728262485,5.895450647702456
TELANGANA,2001,2500,0.325754969717818,0.1127179826013211,767448.0,3.511551122559496,31.15342416107383
TELANGANA,2003,12000,0.6367175934621837,0.2203175063882988,942333.0,3.94469339936166,17.904584451901574
TELANGANA,2004,3300,0.3132716093332156,0.1083984807381368,1053399.0,4.236254679331402,39.08038793980072
TELANGANA,2006,1250,0.1015974368185859,0.0351548224285764,1230346.0,3.639192912362067,103.51902416107403
TELANGANA,2007,18704,0.2012378971070115,0.0696324903484469,2323618.0,3.752486698581218,53.889882148454774
TELANGANA,2008,171235,1.1073731970870138,0.3831741166391051,3092634.0,3.4415234661526317,8.981617799080233
TELANGANA,2009,53610,0.7400257000531312,0.2560642560737478,2414781.0,3.316480387042699,12.951750618749132
TELANGANA,2010,119514,0.6566842571496296,0.2272263865569652,3033269.0,3.667682330216661,16.141093408168864
TELANGANA,2011,219170,1.3589993667262612,0.4702419954070108,2303901.0,3.5039927275491825,7.451467035640564
TELANGANA,2012,271089,2.040232519179039,0.7059628094045117,1898166.0,3.238926487055499,4.58795625478851
TELANGANA,2013,130810,1.0219347621097434,0.3536106443286309,2560046.0,3.402931460538406,9.623385254703658
TELANGANA,2014,444801,2.230417897539004,0.7717708988024236,2848928.0,3.2665648460372725,4.232557681438991
TELANGANA,2015,476392,2.3024959155868783,0.7967113894764284,2955749.0,3.3918315406902813,4.257290137297118
TELANGANA,2016,385085,2.056624259711933,0.7116346919418454,3744826.0,3.413461344251057,4.796648312544611
TELANGANA,2017,1063386,2.744648754926379,0.949705451531619,4304886.0,3.294403197051509,3.468868365174196
TELANGANA,2018,736856,2.542392062819086,0.8797204369616214,3622848.0,3.020362829531245,3.4333212036803133
TELANGANA,2019,633870,3.227291500686729,1.116709861829318,3273488.0,2.966142192206973,2.65614399370311
TELANGANA,2020,557394,2.8665859858539093,0.9918982650013526,3240754.0,2.9437024335205977,2.9677463278117373
TELANGANA,2021,254932,1.9559245643416103,0.6767905066925988,3258459.0,3.067395729538567,4.532267665113382
TELANGANA,2022,209636,1.7469218290063888,0.6044712211094772,3000077.0,3.784645590069676,6.261084825714524
TELANGANA,2023,222232,1.8280901627045647,0.6325571497247631,3039128.0,3.8763492279726512,6.128061677366733
TELANGANA,2024,21857,2.486239064336,0.8602903336802767,879119.0,1.9033316690425837,2.212429449137515
TRIPURA,2004,21000,0.996773302423868,3.322577674746226,1053399.0,4.236254679331402,1.2749904122722915
TRIPURA,2005,48160,0.8084617202776166,2.694872400925389,1489248.0,5.866683258077118,2.1769799772570178
TRIPURA,2006,14632,0.5946294782118201,1.982098260706067,1230346.0,3.639192912362067,1.8360305260878975
TRIPURA,2007,57600,0.8262976100202356,2.7543253667341188,2323618.0,3.752486698581218,1.3623977558724834
TRIPURA,2008,53409,0.575658160648819,1.918860535496064,3092634.0,3.4415234661526317,1.7935245435973954
TRIPURA,2009,7644,0.3165504449471815,1.0551681498239385,2414781.0,3.316480387042699,3.1430823490986484
UTTAR PRADESH,1996,5100,3.808584998655794,0.2306835250548633,44636.0,4.723141581929535,20.474550927753654
UTTAR PRADESH,1997,2600,1.487244022423064,0.0900814065671146,87410.0,5.829581951598922,64.71459731543632
UTTAR PRADESH,1998,58680,13.548833987531747,0.8206440937329949,108275.0,5.5151018333568365,6.72045515890989
UTTAR PRADESH,1999,501579,13.435081011626814,0.8137541497048342,414817.0,4.070000431822988,5.001511123844055
UTTAR PRADESH,2000,166315,6.293076537417347,0.3811675673783977,528565.0,4.530945728262485,11.887017983784714
UTTAR PRADESH,2001,1183410,15.420067548550524,0.9339834977922786,767448.0,3.511551122559496,3.7597571379579966
UTTAR PRADESH,2002,1087344,10.999031339446336,0.6662041998453261,823818.0,3.083612606752703,4.628629791689442
UTTAR PRADESH,2003,1315314,9.970042437227605,0.6038790089174805,942333.0,3.94469339936166,6.532257854819224
UTTAR PRADESH,2004,1239708,9.807205057153082,0.5940160543399807,1053399.0,4.236254679331402,7.131549136392218
UTTAR PRADESH,2005,1144850,7.687436880895593,0.4656230697090001,1489248.0,5.866683258077118,12.599640438227453
UTTAR PRADESH,2006,3375435,16.138143254011474,0.9774768778928814,1230346.0,3.639192912362067,3.72304756733169
UTTAR PRADESH,2007,3384542,10.404162818501147,0.6301733990612445,2323618.0,3.752486698581218,5.954689144561188
UTTAR PRADESH,2008,4288640,8.6670456316525,0.5249573368656875,3092634.0,3.4415234661526317,6.555815538650449
UTTAR PRADESH,2009,2977598,9.485166563758783,0.5745103915056804,2414781.0,3.316480387042699,5.772707397599627
UTTAR PRADESH,2010,3436485,7.552874473052011,0.4574727118747432,3033269.0,3.667682330216661,8.017270178119123
UTTAR PRADESH,2011,3573878,11.080207005422542,0.6711209573242,2303901.0,3.5039927275491825,5.221104615060472
UTTAR PRADESH,2012,2100480,11.06583934176463,0.670250717248009,1898166.0,3.238926487055499,4.8324103260258315
UTTAR PRADESH,2013,2799880,10.936834728750968,0.6624369914446375,2560046.0,3.402931460538406,5.136988882697083
UTTAR PRADESH,2014,3032029,9.675183086410048,0.5860195691344667,2848928.0,3.2665648460372725,5.574156594910116
UTTAR PRADESH,2015,1497708,5.630112705781174,0.3410122777577937,2955749.0,3.3918315406902813,9.94636194037375
UTTAR PRADESH,2016,2991307,7.261672504944156,0.4398347973921353,3744826.0,3.413461344251057,7.7607805578142575
UTTAR PRADESH,2017,5810238,9.64060372330417,0.5839251195217546,4304886.0,3.294403197051509,5.641824759567949
UTTAR PRADESH,2018,3689088,8.485699648453371,0.513973328192209,3622848.0,3.020362829531245,5.876497210769134
UTTAR PRADESH,2019,4377659,10.286978293490002,0.6230756083276803,3273488.0,2.966142192206973,4.760485168353847
UTTAR PRADESH,2020,2860720,8.827328455044722,0.5346655636005282,3240754.0,2.9437024335205977,5.505689226920111
UTTAR PRADESH,2021,3136360,9.62528606313598,0.5829973387726213,3258459.0,3.067395729538567,5.261423209917778
UTTAR PRADESH,2022,3360210,11.20041252274525,0.6784017276041943,3000077.0,3.784645590069676,5.578767618171197
UTTAR PRADESH,2023,3345093,12.229725105359169,0.7407465236438018,3039128.0,3.8763492279726512,5.233030603916337
UTTAR PRADESH,2024,125444,7.134642750298879,0.432140687480247,879119.0,1.9033316690425837,4.40442597557904
UTTARAKHAND,1999,7300,1.7598121581323811,2.1202556122076883,414817.0,4.070000431822988,1.9195800772271763
UTTARAKHAND,2001,85389,3.7087854812313017,4.468416242447352,767448.0,3.511551122559496,0.785860343358751
UTTARAKHAND,2002,42928,2.6054298400860385,3.139072096489203,823818.0,3.083612606752703,0.9823325211935952
UTTARAKHAND,2003,5168,0.548426087168761,0.6607543218900734,942333.0,3.94469339936166,5.969985013609824
UTTARAKHAND,2004,16660,0.7907734865896018,0.9527391404693998,1053399.0,4.236254679331402,4.446395135235302
UTTARAKHAND,2005,7976,0.2677861578461076,0.3226339251157922,1489248.0,5.866683258077118,18.183714734808454
UTTARAKHAND,2006,26128,1.061815131678406,1.2792953393715734,1230346.0,3.639192912362067,2.844685507999852
UTTARAKHAND,2007,8160,0.3511764842586001,0.4231041979019279,2323618.0,3.752486698581218,8.86894225391499
UTTARAKHAND,2008,62777,2.029887791442505,2.445647941496994,3092634.0,3.4415234661526317,1.4072031414489108
UTTARAKHAND,2009,58576,2.425727219155692,2.9225629146454115,2414781.0,3.316480387042699,1.1347849418136755
UTTARAKHAND,2010,154828,2.552164018423688,3.0748964077393826,3033269.0,3.667682330216661,1.1927824043064545
UTTARAKHAND,2012,15370,0.8097289699636386,0.9755770722453478,1898166.0,3.238926487055499,3.3200108727452147
UTTARAKHAND,2013,29561,1.154705813879907,1.391211823951695,2560046.0,3.402931460538406,2.4460196513227452
UTTARAKHAND,2014,30623,1.0748955396556177,1.295054867054961,2848928.0,3.2665648460372725,2.522337029214564
UTTARAKHAND,2015,14861,0.5027828817670242,0.6057625081530412,2955749.0,3.3918315406902813,5.599276110751577
UTTARAKHAND,2017,23589,0.547958761277302,0.6601912786473518,4304886.0,3.294403197051509,4.990073791646147
UTTARAKHAND,2018,14423,0.3981122034377373,0.4796532571539004,3622848.0,3.020362829531245,6.2969713735565
UTTARAKHAND,2019,16569,0.5061573465367828,0.6098281283575696,3273488.0,2.966142192206973,4.863898620412259
UTTARAKHAND,2020,15691,0.4841774475939859,0.5833463224023927,3240754.0,2.9437024335205977,5.046234664508658
WEST BENGAL,1994,6500,15.2797367183827,2.0264902809526126,21270.0,5.427185783297521,2.6781208053691277
WEST BENGAL,1995,28000,23.551577955723037,3.1235514530136648,29722.0,3.755155718156031,1.2022070949185042
WEST BENGAL,1996,32000,17.92275293485079,2.377022935656604,44636.0,4.723141581929535,1.9869987416107382
WEST BENGAL,1997,70800,13.49959958814781,1.7903978233617783,87410.0,5.829581951598922,3.2560260493686726
WEST BENGAL,1998,33952,7.8392980835834685,1.0396947060455528,108275.0,5.5151018333568365,5.304539689668478
WEST BENGAL,1999,314480,9.476467936463548,1.2568259862683753,414817.0,4.070000431822988,3.2383165818421453
WEST BENGAL,2000,427328,7.34971100999877,0.9747627334215876,528565.0,4.530945728262485,4.6482549782736085
WEST BENGAL,2001,587421,8.504680447404906,1.127941703899855,767448.0,3.511551122559496,3.1132381313842012
WEST BENGAL,2002,851890,10.340754875470068,1.371452901255977,823818.0,3.083612606752703,2.248427637528587
WEST BENGAL,2003,1268520,11.217902800814574,1.487785517349413,942333.0,3.94469339936166,2.651385803505729
WEST BENGAL,2004,1367690,12.983589314210477,1.7219614475080205,1053399.0,4.236254679331402,2.460133288966489
WEST BENGAL,2005,1319747,8.05621360579299,1.0684633429433674,1489248.0,5.866683258077118,5.490766994322682
WEST BENGAL,2006,1588548,9.931840311587148,1.317220200475749,1230346.0,3.639192912362067,2.762782495324378
WEST BENGAL,2007,3422104,10.519629302234703,1.395176300031128,2323618.0,3.752486698581218,2.689614709264697
WEST BENGAL,2008,5279445,11.380687142416464,1.509374952575128,3092634.0,3.4415234661526317,2.2800984343095703
WEST BENGAL,2009,7304154,13.748948662425288,1.8234679923640968,2414781.0,3.316480387042699,1.8187763102674128
WEST BENGAL,2010,9072426,13.59533229660805,1.8030944690461603,3033269.0,3.667682330216661,2.0341043651234036
WEST BENGAL,2011,7394382,17.830583866233837,2.364798921251172,2303901.0,3.5039927275491825,1.4817296709926118
WEST BENGAL,2012,5721168,18.83781502776891,2.498383955937521,1898166.0,3.238926487055499,1.2964086162009028
WEST BENGAL,2013,5714928,13.95221023372236,1.850425760440632,2560046.0,3.402931460538406,1.8389991823979384
WEST BENGAL,2014,6434755,13.2862255557178,1.7620988800686737,2848928.0,3.2665648460372725,1.8537920221082973
WEST BENGAL,2015,9211968,17.314596063468176,2.296365525658909,2955749.0,3.3918315406902813,1.4770433987058937
WEST BENGAL,2016,9391176,13.932075882831406,1.8477554221261807,3744826.0,3.413461344251057,1.847355609609439
WEST BENGAL,2017,11266110,14.539177111774851,1.9282728264953384,4304886.0,3.294403197051509,1.7084735893100411
WEST BENGAL,2018,9213677,14.960081129542283,1.9840956405228487,3622848.0,3.020362829531245,1.5222869139187862
WEST BENGAL,2019,9864439,15.860177278792529,2.1034717876382665,3273488.0,2.966142192206973,1.410117411433074
WEST BENGAL,2020,10787639,19.580844457802105,2.596928973183303,3240754.0,2.9437024335205977,1.1335321311896418
WEST BENGAL,2021,10134774,17.279425642612043,2.2917010136090243,3258459.0,3.067395729538567,1.3384798938967875
WEST BENGAL,2022,6541050,14.535293594131083,1.9277577711049183,3000077.0,3.784645590069676,1.963237107274354
WEST BENGAL,2023,7026810,15.414092463364492,2.0443093452738053,3039128.0,3.8763492279726512,1.896165683992151
WEST BENGAL,2024,551144,15.673191001445764,2.078672546610844,879119.0,1.9033316690425837,0.9156476676164585
BIMARU,1994,1300,6.11189468735308,1.0186491145588463,21270.0,5.427185783297521,5.327826535880229
BIMARU,1996,5100,3.808584998655794,0.2306835250548633,44636.0,4.723141581929535,20.474550927753654
BIMARU,1997,8124,4.647065553140373,1.2475251907126492,174820.0,5.829581951598922,4.672917224435982
BIMARU,1998,99968,24.81366889863773,4.36967418048733,324825.0,5.5151018333568365,1.2621311350819668
BIMARU,1999,558219,19.68603022537649,4.184328898275104,1659268.0,4.070000431822988,0.9726769885370997
BIMARU,2000,334605,12.945995289131895,2.292782462061314,2114260.0,4.530945728262485,1.9761777679461845
BIMARU,2001,1347059,22.682188239463784,6.218954979359489,3837240.0,3.511551122559496,0.5646529254857482
BIMARU,2002,1191720,16.983605602208254,4.53611085644906,4119090.0,3.083612606752703,0.6797921621268763
BIMARU,2003,1349562,12.061447492553055,1.6445680722659546,4711665.0,3.94469339936166,2.3986197141274284
BIMARU,2004,1284857,12.2889807186071,1.9525180983411343,5266995.0,4.236254679331402,2.1696365749083393
BIMARU,2005,1258915,10.329777176131843,1.3170007570053643,7446240.0,5.866683258077118,4.4545785010913415
BIMARU,2006,3428558,18.99985857636795,2.8801208371364755,7382076.0,3.639192912362067,1.2635556346935393
BIMARU,2007,3559047,13.46081843056819,1.6352027358929715,11618090.0,3.752486698581218,2.2948143470002296
BIMARU,2008,4645951,13.650047176613851,3.513192359735373,15463170.0,3.4415234661526317,0.9796000656257433
BIMARU,2009,3151939,13.69772248497897,3.813041169749521,12073905.0,3.316480387042699,0.8697730340164566
BIMARU,2010,3968459,13.867316087033494,4.165786513552702,18199614.0,3.667682330216661,0.8804297383662025
BIMARU,2011,3758188,13.22114101256955,1.0524403671819909,9215604.0,3.5039927275491825,3.3293978802157276
BIMARU,2012,2331902,16.107864117258448,2.277706180276555,7592664.0,3.238926487055499,1.4220124242110255
BIMARU,2013,3067396,14.83262410128568,2.456495713126798,10240184.0,3.402931460538406,1.3852788109314138
BIMARU,2014,3731668,17.510586438126904,2.866494412186227,14244640.0,3.2665648460372725,1.1395678401291278
BIMARU,2015,1896603,10.906271134659946,1.6204257400337272,14778745.0,3.3918315406902813,2.0931730821677053
BIMARU,2016,3510677,12.24721789477001,1.276280996055865,14979304.0,3.413461344251057,2.6745374684726904
BIMARU,2017,6260513,14.576878458570098,2.042963299568987,21524430.0,3.294403197051509,1.6125611251785796
BIMARU,2018,3947769,12.254888971328636,1.664523912048354,18114240.0,3.020362829531245,1.814550579699635
BIMARU,2019,4624850,14.902819255790764,2.0706504541912243,19640928.0,2.966142192206973,1.4324688100800282
BIMARU,2020,3357760,14.708212965254384,2.2831672103316225,19444524.0,2.9437024335205977,1.2893065475887922
BIMARU,2021,3481183,15.119631703206943,1.829613082967604,16292295.0,3.067395729538567,1.6765269980269812
BIMARU,2022,3696400,16.98209745949854,2.34850550334254,15000385.0,3.784645590069676,1.6115123361146617
BIMARU,2023,3692176,17.84794849048806,1.882070795880368,15195640.0,3.8763492279726512,2.059619243047352
BIMARU,2024,227774,14.11140016311785,2.0215835082490794,3516476.0,1.9033316690425837,0.9415053403809595
